
LCpolE <- c(742906.097918830346316, 743023.56334264180623, 743488.932979381643236, 743601.598358810762875, 743832.82630515715573, 743982.949559624656104, 744194.35605688765645, 744424.057696472504176, 744517.707375101977959, 744511.319081596680917, 744587.663300526095554, 744605.950519777019508, 744699.911615552613512, 744820.155123795033433, 744770.657638676697388, 744857.833733524894342, 744828.443479957291856, 744709.333249856135808, 744669.07388515281491, 744548.654425259795971, 744453.075064420467243, 744355.750876231002621, 744283.796811856795102, 744217.567314221407287, 744053.899103199015372, 744069.275232838583179, 743960.852846488589421, 743815.559312159195542, 743753.537922538234852, 743695.869721855036914, 743572.722478846670128, 743467.561956097604707, 743545.769177561625838, 743769.519972900277935, 744313.121516500832513, 744465.504586569732055, 744623.462357433862053, 745092.517949625384063, 745203.023199141025543, 745422.356771727558225, 745593.93410977628082, 745698.388711808016524, 745748.423234272748232, 746036.548465285683051, 746072.329697169363499, 746418.481667074607685, 746507.697541428613476, 746638.543356247944757, 746912.521939509548247, 747039.345714814029634, 747028.998849233379588, 747061.778560683131218, 747316.534688573679887, 747305.815751494956203, 747398.385776527109556, 747776.824533006292768, 747911.202886239858344, 747875.503138847416267, 747916.904969789204188, 747960.961719228886068, 748105.121930723194964, 748269.121084436890669, 748370.004574020975269, 748539.321134402533062, 748647.855445605237037, 748573.653850247734226, 748583.907941101351753, 748617.049428066704422, 748614.816387927043252, 748754.169376354780979, 748684.097236263565719, 748622.662784815649502, 748577.107495523872785, 748486.159499167930335, 748421.816371213877574, 748226.965537291951478, 748060.014843586483039, 748019.995473526068963, 747914.569977200822905, 747901.498156555229798, 747725.453564809402451, 747506.070158617338166, 747249.883722824044526, 747122.005592003581114, 746785.792380511760712, 746565.488142803311348, 746269.535579396528192, 746124.762207463965751, 746015.861416471074335, 745866.769379194360226, 745569.246285252156667, 745336.70560446777381, 745111.911654053837992, 745029.277483723359182, 744890.847375441226177, 744771.223856791504659, 744679.695388617925346, 744594.056620384450071, 744460.593481939518824, 744148.393269349238835, 743887.270576317096129, 743745.508032497367822, 743575.424176145577803, 743472.847909024334513, 743273.013393670786172, 743158.026327003142796, 742744.67373531893827, 742569.479202570742927, 742408.801065397681668, 742077.485457679256797, 741848.980321125127375, 741797.126106265932322, 741353.37323907460086, 741170.634987164172344, 741123.583382133278064, 741143.084089325391687, 741080.642555281287059, 741154.482475289842114, 741161.283302951138467, 740982.210056559182703, 741012.124966608709656, 740970.684298183652572, 740833.561470770509914, 740793.309314138139598, 740797.190050637698732, 740717.427217189106159, 740516.575189250987023, 740265.490933639579453, 740176.455100713181309, 739893.941545867943205, 739691.742499073850922, 739480.057084452360868, 739306.458178715780377, 739428.107324926415458, 739482.275976478820667, 739599.274568477761932, 739632.773081255611032, 739595.750349375419319, 739591.17382456199266, 739632.823966532829218, 739825.395110412267968, 739864.624723057611845, 739935.677887111436576, 740204.051493628765456, 740643.483959794859402, 740666.771388094639406, 740679.686239165021107, 740844.147970657097176, 740738.242876785690896, 740780.767226182390004, 740825.461710014380515, 741102.611584784695879, 741153.406088174902834, 741267.329323408193886, 741638.414366209413856, 741882.088732934673317, 741839.760823402320966, 741772.342831689398736, 741898.573481196071953, 742255.447827947558835, 742302.664092480204999, 742375.006064936053008, 742285.735811856924556, 742354.72069889260456, 742355.433816894656047, 742446.912088001612574, 742421.129815478459932, 742436.37047888408415, 742343.75254820799455, 742399.914934655767865, 742454.744156234548427, 742881.839874080033042, 742906.097918830346316)

